Prim Algorithm
( 1 , 0 ) ( 2 , 1 ) ( 11 , 1 ) ( 13 , 0 ) ( 12 , 13 ) ( 14 , 13 ) ( 7 , 14 ) ( 15 , 14 ) ( 6 , 7 ) ( 16 , 6 ) ( 5 , 6 ) ( 4 , 5 ) ( 3 , 4 ) ( 8 , 7 ) ( 19 , 15 ) ( 18 , 19 ) ( 17 , 18 ) ( 9 , 5 ) ( 10 , 9 )
Prim Algorithm(with heap)
( 1 , 0 ) ( 2 , 1 ) ( 3 , 4 ) ( 4 , 5 ) ( 5 , 6 ) ( 6 , 7 ) ( 7 , 14 ) ( 8 , 7 ) ( 9 , 5 ) ( 10 , 9 ) ( 11 , 1 ) ( 12 , 13 ) ( 13 , 0 ) ( 14 , 13 ) ( 15 , 14 ) ( 16 , 6 ) ( 17 , 18 ) ( 18 , 19 ) ( 19 , 15 )
Kruskal Algorithm(with MFSet)
( 1 , 0 ) ( 2 , 1 ) ( 3 , 4 ) ( 4 , 5 ) ( 5 , 6 ) ( 6 , 7 ) ( 7 , 14 ) ( 8 , 7 ) ( 9 , 5 ) ( 10 , 9 ) ( 11 , 1 ) ( 12 , 13 ) ( 13 , 0 ) ( 14 , 13 ) ( 15 , 14 ) ( 16 , 6 ) ( 17 , 18 ) ( 18 , 19 ) ( 19 , 15 )




